1263
1287
1313
1320
1332
1409
1412
1428
1436
1456
1458
1462
1491
1517
1520
1533
1544
1547
1562
1580
1581
1582
1589
1602
1612
1632
1645
1723
1725
1730
1750
1759
1775
1803
1811
1812
1816
1828
1829
1904
1918
1919
1947
1979
1994
2033
2068
2075
2116
2138
NaN
2150
2181
2189
2237
2270
2326
2373
2398
2414
2455
2467
2469
2479
2480
2514
2522
2523
2524
2525
2543
2549
2638
2641
2659
2678
2697
2744
2746
2747
2755
2779
2784
2793
2794
2806
2848
2849
2861
2882
2901
2947
2981
2987
3026
3157
3160
3172
3200
3937
3938
3947
3978
3981
4007
4009
4020
4032
4036
4041
4046
406
4061
407
408
409
410
4102
4114
4119
412
4125
4128
413
4131
414
4148
4154
416
4165
417
4170
4178
4184
419
4195
420
4210
4213
4215
422
423
424
4243
4244
426
4264
4266
4267
427
429
430
4300
431
4311
432
433
435
4356
436
4365
437
4375
4376
4377
439
440
441
4410
4418
4419
4420
443
4433
444
445
4452
446
447
448
4485
449
450
451
452
453
454
455
456
457
458
459
460
462
464
465
467
468
469
471
472
473
474
475
476
477
478
479
480
481
482
483
484
485
486
487
488
489
490
497
499
501
502
504
505
506
507
509
510
511
513
514
516
517
519
520
521
522
524
526
527
528
529
530
531
532
533
534
535
536
537
538
539
540
541
542
543
544
545
546
547
548
549
550
551
552
553
554
555
556
557
558
559
560
561
562
563
564
565
566
567
568
569
570
571
572
573